4
3.99846601683992
3.99386524391183
3.98620120996984
3.97547979326345
3.961709217029
3.94490004318251
3.92506516421879
3.902219793323
3.87638145270226
3.84756996014626
3.81580741382721
3.78111817535069
3.74352885107053
3.70306827168195
3.65976747010868
3.61365965770091
3.56478019876255
3.51316658342704
3.45885839890276
3.40189729910996
3.34232697273548
3.28019310977432
3.21554336691108
3.14842733332062
3.07889650233349
3.00700426395048
2.93280594582405
2.85635894094002
2.77772296600842
2.69696049469712
2.61413740444862
2.529323865298
2.44259548474576
2.35403470545502
2.26373243362557
2.17178985672116
2.07832039115747
1.98345168487766
1.88732758754937
1.79010999328417
1.69198045785973
1.59314149470564
1.49381746138809
1.39425496099541
1.29472270065686
1.19551077173446
1.09692934144043
0.999306771707043
0.902987206059111
0.80832768733843
0.715694887164533
0.625461541189022
0.538002692121714
0.453691845151984
0.372897138047654
0.295977621433774
0.223279734273852
0.155134046265994
0.0918523236571244
0.0337249588038454
-0.0189812124469824
-0.0660246970208796
-0.107190740072377
-0.142292347171156
-0.171170960131795
-0.193696819923132
-0.20976905379624
-0.219315524931744
-0.222292481951756
-0.218684043049019
-0.208501545726774
-0.191782788642385
-0.168591187171539
-0.139014859363585
-0.103165654194745
-0.0611781296535848
-0.0132084843854548
0.0405665564759962
0.0999509029339039
0.164730312207399
0.234673654639803
0.309534236198544
0.389051178776165
0.472950857120547
0.560948388179832
0.652749165143421
0.748050424712612
0.846542832371856
0.94791206689486
1.051840382261
1.15800812283474
1.26609516632478
1.37578226891454
1.48675228821284
1.59869126241327
1.71128932827588
1.82424146615522
1.93724806708235
2.05001532455256
2.16225546177128
2.27368681320618
2.38403378688893
2.49302674051918
2.60040180959915
2.70590072919498
2.80927069219868
2.9102642859849
3.00863954607986
3.10416015997766
3.19659584677927
3.28572292924
3.3713251045471
3.4531944092411
3.53113236271938
3.60495126330199
3.67447560145498
3.73954354694814
3.8000084608741
3.85574037986065
3.90662741862561
3.95257703828068
3.99351713138167
4.02939688042801
4.06018735400999
4.08588181369122
4.10649571454023
4.12206639251086
4.13265244213314
4.13833279776107
4.13920554052092
4.13538646077396
4.12700741208909
4.11421449724098
4.09716612952911
4.07603101375899
4.05098609063218
4.02221448621565
3.98990350482416
3.95424269931086
3.91542204770634
3.87363025967126
3.82905323062051
3.78187265590897
3.73226481237817
3.68039951004825
3.62643921294781
3.5705383251027
3.51284263559134
3.45348891530593
3.39260465756865
3.33030795492869
3.26670750516172
3.2019027405332
3.1359840755832
3.06903326984986
3.00112390288881
2.93232195950402
2.86268652315128
2.79227057491679
2.72112189426607
2.64928405590751
2.57679751467768
2.50370076743832
2.43003157772882
2.35582824552916
2.28113090116882
2.20598279939153
2.13043158707661
2.05453051633254
1.97833957379694
1.90192649713437
1.82536765100704
1.74874873723059
1.6721653173828
1.59572313071256
1.51953819564304
1.44373668927179
1.36845460579338
1.2938372014313
1.22003823997588
1.14721905909436
1.07554748293778
1.00519661097525
0.936343516244727
0.869167888177821
0.803850655755529
0.740572625966508
0.679513170422058
0.620848989644653
0.564752980158746
0.511393224288254
0.460932116753677
0.413525636033402
0.369322762286042
0.328465037694415
0.291086259638227
0.257312292351237
0.227260978848289
0.201042132048304
0.178757582248592
0.160501257447001
0.146359273431407
0.136410011981986
0.130724167838603
0.129364748116944
0.132387011430906
0.139838337898741
0.15175802527591
0.168177010474059
0.189117519514403
0.214592652370185
0.244605912052626
0.279150689598784
0.318209718276597
0.361754511318786
0.409744797856341
0.462127971499662
0.518838565294279
0.579797765662153
0.644912976546072
0.714077443425764
0.787169945289663
0.864054561135061
0.944580516224059
1.02858211221337
1.11587874444667
1.20627500916471
1.29956090313801
1.39551211822072
1.49389043349864
1.59444420797836
1.69690897704309
1.80100815608427
1.9064538547069
2.01294780461153
2.12018240360117
2.22784187709442
2.33560355701845
2.44313927600937
2.55011687249425
2.65620179953228
2.76105882733903
2.86435382632348
2.96575561436053
3.06493784904612
3.16158094298292
3.25537397786425
3.34601659139149
3.43322080998728
3.5167127999379
3.5962345100694
3.67154518035313
3.74242269293254
3.80866474491393
3.87008982578278
3.92653798638197
3.97787139087719
4.02397464788171
4.06475492174727
4.1001418297786
4.13008713562718
4.15456425321169
4.17356757906051
4.18711167386619
4.19523031619982
4.19797545270735
4.19541606968276
4.18763701070499
4.17473776408394
4.15683124226454
4.13404257318618
4.10650792100663
4.07437335070451
4.03779374800636
3.99693180297684
3.95195706258697
3.90304505474907
3.85037648376974
3.79413649499855
3.73451400468655
3.67170108974144
3.60589243117556
3.53728480456886
3.46607661077136
3.3924674402927
3.31665766530584
3.23884805385433
3.15923940162494
3.07803217745967
2.99542617957
2.91162020012941
2.8268116965194
2.74119646796499
2.65496833661137
2.56831883226945
2.48143688011684
2.39450849061263
2.30771645081084
2.22124001618225
2.13525460202473
2.04993147359968
1.96543743431418
1.88193451160101
1.79957964064687
1.71852434678339
1.63891442817176
1.56088964135238
1.48458339325322
1.41012244430364
1.33762662832103
1.26720859576201
1.1989735876891
1.13301924833443
1.0694354843873
1.00830437904512
0.949700168415808
0.893689287027973
0.840330487994853
0.789675041810971
0.741767015875419
0.696643634689955
0.65433571834526
0.614868194468787
0.578260676354887
0.544528097628659
0.513681391605345
0.485728201588252
0.46067360678273
0.438520847361055
0.419272031546659
0.402928807430785
0.389492982605131
0.378967075584326
0.371354784375843
0.366661359386791
0.364893870074651
0.366061357276455
0.37017486590135
0.377247355551995
0.387293489555049
0.400329305736375
0.416371774984096
0.435438256123059
0.457545857810364
0.482710720000263
0.510947228980762
0.542267181032804
0.576678910401455
0.614186397507901
0.654788373196009
0.69847743433393
0.745239185325105
0.795051419075565
0.847883349770186
0.903694908484439
0.962436111252514
1.02404650777507
1.08845471752101
1.15557805859054
1.22532227338502
1.2975813538879
1.37223746820695
1.4491609889593
1.52821062309124
1.60923364180126
1.69206620836409
1.77653380081993
1.8624517256845
1.94962571804037
2.03785262258425
2.12692114942704
2.21661269768047
2.30670223912694
2.39695925357673
2.48714870689104
2.57703206211627
2.66636831376231
2.75491503499291
2.84242942740426
2.92866936317058
3.01339440964858
3.0963668270633
3.17735253064634
3.25612200955365
3.33245119603431
3.40612227962586
3.47692446257806
3.5446546542119
3.60911810345326
3.67012897028829
3.72751083831571
3.78109717186675
3.83073172227823
3.87626888879421
3.91757404020414
3.9545238036746
3.9870063272856
4.01492152253833
4.0381812925707
4.05670975102215
4.07044343546394
4.07933151809828
4.08333601507868
4.08243199437189
