4
3.99738102966409
3.98952754815917
3.97644983950278
3.95816502876045
3.93469705962064
3.90607666304086
3.87234131700593
3.83353519745112
3.78970912041441
3.74092047549366
3.68723315069575
3.62871744877621
3.56544999517879
3.49751363769561
3.42499733797914
3.3479960550483
3.266610620941
3.18094760867609
3.09111919269758
2.99724300198386
2.89944196603715
2.79784415415509
2.69258260912459
2.58379517857296
2.47162435179718
2.35621711794283
2.23772486669389
2.11630335095254
1.99211272528672
1.86531766770772
1.7360875869385
1.60459691280486
1.47102546347903
1.33555887986732
1.19838911440801
1.05971495895067
0.919742594246079
0.778686141931857
0.636768198760861
0.494220332238137
0.351283516775317
0.208208489990561
0.0652560097254311
-0.0773030064378492
-0.219187476307108
-0.360106299718953
-0.499758673397319
-0.637834588925186
-0.774015524185387
-0.907975331931547
-1.03938132170654
-1.16789552438018
-1.29317612280374
-1.4148790276553
-1.53265957440564
-1.64617431530885
-1.75508287926008
-1.85904987212023
-1.95774679056267
-2.05085392354164
-2.13806221701109
-2.21907507945645
-2.29361010803629
-2.3614007175564
-2.42219765695444
-2.47577040018977
-2.52190840027816
-2.560422196993
-2.59114437106542
-2.61393034091735
-2.62865900187458
-2.63523321183043
-2.63358013079038
-2.6236514241714
-2.60542334101026
-2.57889667846291
-2.54409664339775
-2.50107262078719
-2.44989785725014
-2.39066906670886
-2.32350596385636
-2.24855073008771
-2.16596741578698
-2.07594128240253
-1.97867808759242
-1.87440331689241
-1.76336136586892
-1.64581467749182
-1.52204284027178
-1.39234165324797
-1.25702216397342
-1.11640968524114
-0.970842795641567
-0.820672328437621
-0.666260352908628
-0.507979152321054
-0.346210202947394
-0.18134315889641
-0.0137748477318271
0.1560917182313
0.327848310563358
0.501082429848024
0.675378225219214
0.850317387909977
1.02548002030319
1.20044548392987
1.3747932317618
1.54810363187247
1.71995879095867
1.88994338715957
2.05764552192422
2.22265760027379
2.38457724771632
2.54300827044713
2.69756166351625
2.84785666955569
2.99352188855462
3.13419643708726
3.26953115331045
3.39918984190921
3.52285055094832
3.64020687029651
3.75096923898806
3.85486624667527
3.95164591233437
4.04107692175005
4.12294980414168
4.19707802769869
4.26329899382646
4.32147491060587
4.37149352735874
4.41326871427628
4.44674087374628
4.47187717318362
4.48867159264757
4.49714478411695
4.49734374280606
4.48934129420578
4.47323540355349
4.44914831715395
4.41722554740243
4.37763471551743
4.33056426787521
4.27622208343312
4.21483399099281
4.14664221594019
4.071903776561
3.99088885004053
3.90387912780911
3.81116617901083
3.71304983959191
3.60983664288212
3.50183830564785
3.38937028151691
3.2727503915175
3.15229753935202
3.02833051704793
2.90116690487367
2.7711220679181
2.6385082505009
2.50363376856704
2.36680229935689
2.22831226687155
2.08845632091913
1.9475209068048
1.80578592201092
1.66352445551331
1.52100260471831
1.37847936440063
1.23620658148919
1.09442896909297
0.953384172780498
0.813302881821825
0.674408977862338
0.536919713315418
0.401045911623513
0.266992181435099
0.134957136675419
0.00513361446295346
-0.122291117129933
-0.247135169309543
-0.369221868288231
-0.488379623449713
-0.604441834077796
-0.717246839685599
-0.826637917639504
-0.932463330217835
-1.03457642154188
-1.1328357630408
-1.22710534433913
-1.31725480475841
-1.4031596990665
-1.48470178974239
-1.56176935689318
-1.6342575160958
-1.70206853386154
-1.76511213014923
-1.8233057573889
-1.87657484582151
-1.92485300560899
-1.96808217711931
-2.00621272203605
-2.03920344947019
-2.06702157304041
-2.08964259689812
-2.10705013084978
-2.11923563699567
-2.1261981125752
-2.12794371589034
-2.12448534418018
-2.11584217405908
-2.10203917654359
-2.08310661973101
-2.0590795728285
-2.02999742545533
-1.99590343595978
-1.95684432192424
-1.91286990511022
-1.86403282185488
-1.8103883084168
-1.75199406902506
-1.68891023245764
-1.62119940090829
-1.54892679273944
-1.47216047851169
-1.39097170747802
-1.30543531958922
-1.21563023603351
-1.12164001948527
-1.02355349361663
-0.921465410074879
-0.815477150075249
-0.705697447019192
-0.592243116118959
-0.475239776877329
-0.354822554410214
-0.231136745978415
-0.104338439677673
0.0254049270117038
0.157914080225356
0.292997504677495
0.430451129913489
0.570058116026869
0.711588745804614
0.85480042900597
0.999437823181321
1.14523307410768
1.29190617756719
1.43916546283766
1.5867081969143
1.73422130715344
1.88138221873479
2.02785980208768
2.173315424225
2.31740409677902
2.4597757124379
2.60007636044426
2.73794971084182
2.87303845625418
3.00498579916499
3.13343697196102
3.25804077642244
3.37845112892478
3.49432859738057
3.60534191592054
3.71116946351446
3.81150069317309
3.9060374990602
3.99449550977174
4.07660529719316
4.15211349170303
4.22078379602131
4.28239789166885
4.33675623377338
4.38367873178562
4.42300531551658
4.45459638773256
4.47833316630476
4.49411792056486
4.50187410802397
4.50154641893083
4.49310073723904
4.47652402739016
4.45182415687262
4.41902966476869
4.37818948644368
4.32937264416555
4.2726679127832
4.20818346866169
4.13604652890692
4.05640298655454
3.96941704589708
3.87527086053206
3.77416417508647
3.66631396996094
3.55195410689075
3.43133497168498
3.30472310922007
3.17240084466467
3.03466588402638
2.89183088646245
2.74422300040088
2.59218335538688
2.43606650170494
2.2762397902245
2.11308268556656
1.94698600657022
1.7783510891266
1.6075888677121
1.4351188733565
1.26136814728528
1.0867700710386
0.911763115450635
0.736789512435356
0.562293855032781
0.388721632594165
0.216517709300342
0.0461247553946725
-0.122018358444238
-0.287478192275671
-0.449828381574443
-0.608651282812196
-0.76353960695221
-0.91409802764987
-1.05994475090394
-1.20071303302541
-1.33605263407697
-1.46563119438121
-1.58913552229263
-1.70627278216841
-1.81677157234572
-1.92038288392883
-2.01688093229598
-2.10606385444264
-2.1877542665738
-2.26179967773094
-2.32807275667909
-2.38647145077378
-2.43691895706277
-2.47936354743883
-2.51377825123021
-2.54016040017411
-2.55853104224408
-2.56893423226888
-2.57143620866216
-2.56612446685137
-2.55310674112399
-2.53250990757381
-2.50447882160584
-2.46917510402562
-2.42677589008057
-2.37747255592631
-2.32146943685305
-2.25898255122575
-2.19023834347017
-2.1154724585847
-2.03492855959029
-1.94885719806726
-1.85751474649418
-1.76116239953007
-1.66006524970085
-1.55449144120223
-1.44471140375436
-1.33099716668083
-1.21362175167768
-1.09285864112998
-0.968981317360922
-0.84226286689887
-0.712975642748884
-0.581390976782696
-0.447778933731153
-0.312408097886413
-0.175545383500148
-0.0374558599943308
0.101597416528272
0.241353573392996
0.381554100205977
0.521943042606324
0.662267215961514
0.802276442828105
0.941723816704324
1.08036599326825
1.21796350896208
1.35428112548519
1.48908819753058
1.62215905997192
1.75327342970962
1.88221681653729
2.00878093671275
2.13276412242375
2.25397172003459
2.37221646988877
2.48731886052088
2.59910745039176
2.70741915069223
2.81209946334858
2.91300266909062
3.00999196129031
3.10293952222704
3.19172653946275
3.27624316109478
3.35638838977586
3.43206991652646
3.50320389649608
3.56971466993431
3.63153443269231
3.68860286157271
3.74086670076352
3.78827931641612
3.83080022714358
3.86839461881371
3.90103285248001
3.92868997462554
3.95134523908261
3.96898165002969
3.98158553535337
3.98914615939405
3.99165538367045
3.98910738360034
3.98149842850683
3.96882673132761
3.9510923734353
3.92829730884244
3.90044545081854
