4
3.99727305440402
3.98909593573221
3.97547979326345
3.95644319223761
3.93201208854236
3.902219793323
3.86710692756367
3.82672136670167
3.78111817535069
3.73035953222162
3.67451464534364
3.61365965770091
3.54787754341371
3.47725799460546
3.40189729910996
3.32189820918556
3.23736980141525
3.14842732798366
3.05519205953392
2.95779111981836
2.8563573124029
2.75102893995871
2.6419496177861
2.52926808648626
2.41313803630674
2.29371797039635
2.17117113087425
2.04566549724777
1.91737385707794
1.78647394434099
1.65314863875555
1.51758621779421
1.37998065164732
1.24053193002586
1.09944640845486
0.956937160688746
0.813224323106085
0.668535416443116
0.523105629982351
0.377178053353102
0.23100384129624
0.0848422971929594
-0.0610391385607256
-0.206365008587305
-0.350852079760745
-0.494209715496189
-0.636140381614295
-0.776340280211503
-0.914500101004163
-1.05030587812426
-1.18343994076101
-1.31358194694156
-1.44040999046206
-1.56360177139026
-1.68283582074319
-1.79779276999404
-1.9081566560547
-2.01361625234186
-2.11386641650558
-2.20860944536591
-2.2975564276275
-2.38042858499128
-2.45695859247032
-2.52689186909845
-2.58998783094143
-2.64602109971467
-2.69478266191301
-2.73608097394934
-2.76974300776711
-2.79561522930349
-2.81356450013098
-2.82347889140475
-2.82526839915476
-2.81886555084608
-2.80422589470792
-2.78132836532965
-2.75017552124079
-2.71079365248645
-2.66323275848344
-2.60756639861354
-2.54389142002112
-2.47232756887842
-2.39301699291729
-2.30612364427986
-2.21183259270302
-2.11034925978076
-2.00189858575743
-1.8867241411577
-1.76508719639806
-1.637265762916
-1.50355361889927
-1.36425933129763
-1.21970528366257
-1.07022671684731
-0.916170787059582
-0.757895643438315
-0.595769525349199
-0.430169878007613
-0.261482483828507
-0.0901006060398544
0.0835758594649435
0.259141228363778
0.436184872650553
0.614292070230809
0.793044863512798
0.972022930867007
1.15080447451788
1.32896712805433
1.50608888619323
1.68174905859623
1.85552924842265
2.02701435503669
2.19579359908658
2.36146156722548
2.52361927314173
2.68187523129713
2.83584653974679
2.98515996851272
3.12945305009079
3.26837516869853
3.40158864476386
3.52876981088885
3.64961007509777
3.76381696661793
3.87111515877908
3.97124746290083
4.06397578632538
4.14908204711615
4.22636903744269
4.29566122733745
4.35680550031966
4.40967181228411
4.4541537650114
4.49016908567764
4.51766000388507
4.53659351808841
4.54696154393706
4.5487809380427
4.54209339201883
4.52696519328778
4.50348685104035
4.4717725877768
4.4319596989621
4.38420778540478
4.32869786493813
4.26563137178028
4.19522905352481
4.11772977703328
4.03338925555212
3.94247871016684
3.84528347925603
3.74210158993463
3.6332423055821
3.51902466342298
3.39977601574285
3.27583058767336
3.14752806357996
3.01521221297649
2.87922956563632
2.73992814424022
2.59765626156447
2.4527613879223
2.30558909336105
2.15648206800386
2.00577922290756
1.85381487287641
1.70091800180753
1.54741161032678
1.39361214468406
1.23982900510019
1.08636413098747
0.933511659710939
0.781557654834212
0.63077989912565
0.481447747008077
0.333822030627669
0.188155013295967
0.0446903837167101
-0.096336715858803
-0.234699634596655
-0.370180138320312
-0.502568322180317
-0.631662517777853
-0.75726920148223
-0.879202910227436
-0.99728617043987
-1.11134944494317
-1.22123110172392
-1.32677740735252
-1.42784254667505
-1.52428866916891
-1.61598596113647
-1.70281274174233
-1.78465557982248
-1.8614094274392
-1.93297776534594
-1.99927275487782
-2.06021539030622
-2.11573564540126
-2.16577260784315
-2.21027459521936
-2.24919924664323
-2.28251358452498
-2.31019404170418
-2.33222644998927
-2.34860598711177
-2.35933708015238
-2.36443326459176
-2.36391699923984
-2.35781943836743
-2.34618016337036
-2.3290468772154
-2.30647506573217
-2.27852763051625
-2.24527449879336
-2.20679221606238
-2.16316352768785
-2.11447695585198
-2.06082637840131
-2.00231061613566
-1.93903303498575
-1.87110116931724
-1.7986263722871
-1.72172349877457
-1.64051062592226
-1.55510881576565
-1.46564192380802
-1.37223645672137
-1.2750214816243
-1.17412858860843
-1.06969190735507
-0.961848177805834
-0.85073687392613
-0.736500378636025
-0.619284206988185
-0.499237273662666
-0.376512199843076
-0.251265653560964
-0.123658716670628
0.00614272922971587
0.137967606358302
0.271639242839455
0.406974982847577
0.543785814649791
0.681876026539822
0.821042900623072
0.961076454192336
1.101759238022
1.24286620030695
1.38416462418707
1.52541414584086
1.66636685902025
1.8067675106553
1.94635379081136
2.08485671886202
2.22200112628363
2.35750623501428
2.49108632888454
2.62245151424954
2.75130856465732
2.87736184319979
3.0003142951282
3.11986850238814
3.23572779095169
3.34759738120293
3.45518557117306
3.55820494212356
3.65637357583866
3.74941627300744
3.83706576224237
3.91906388958571
3.99516277878418
4.06512595315345
4.12872941049168
4.18576264322268
4.23602959673981
4.27934955976939
4.31555798146593
4.34450721087942
4.36606715538736
4.38012585565001
4.38658997561602
4.38538520706367
4.37645658909844
4.35976874392585
4.33530603106545
4.30307262295341
4.26309250558357
4.21540940844764
4.16008666854361
4.09720703361747
4.02687241008013
3.9492035611921
3.86433976113141
3.77243841045301
3.67367461821344
3.56824075567838
3.45634598605968
3.33821577415697
3.2140913791206
3.0842293328268
2.94890090558311
2.808391560086
2.66300039375547
2.51303956879906
2.35883372863158
2.20071939861986
2.0390443685523
1.87416705376789
1.70645583153156
1.53628834902428
1.36405079923174
1.1901371610707
1.01494840028547
0.838891627975413
0.662379214071686
0.48582785365658
0.309657584699657
0.134290756556291
-0.0398490505813582
-0.212338154191232
-0.382753943860654
-0.550676098679398
-0.715687843656183
-0.877377240295408
-1.03533850557402
-1.18917335271275
-1.33849234635586
-1.48291626407225
-1.62207745547995
-1.7556211897863
-1.88320698213727
-2.00450988888854
-2.11922176175555
-2.2270524507737
-2.32773094610747
-2.42100644898896
-2.50664936244305
-2.58445219296476
-2.65423035495175
-2.71582287045437
-2.76909295768079
-2.81392850267483
-2.85024240965858
-2.87797282668678
-2.89708324447991
-2.90756246757073
-2.90942445819592
-2.90270805467035
-2.88747656727496
-2.86381725594936
-2.83184069528507
-2.79168003344407
-2.74349015266105
-2.68744673990762
-2.62374527708792
-2.5525999607835
-2.47424256206105
-2.38892123719199
-2.29689930030426
-2.19845396899228
-2.09387509375454
-1.98346388181427
-1.86753162541774
-1.74639844410679
-1.62039204974392
-1.48984654224433
-1.35510124305959
-1.21649957248044
-1.07438797580292
-0.92911490235203
-0.781029840301372
-0.630482409184506
-0.477821510982862
-0.323394539712535
-0.167546648533909
-0.0106200725872423
0.147046494974175
0.305118476914135
0.463265939493636
0.621164077801486
0.778493663234099
0.934941457704675
1.09020059922748
1.24397096347522
1.39595950575108
1.5458805875584
1.6934562915976
1.83841672858177
1.98050033874966
2.11945419037954
2.25503427698285
2.3870058141961
2.51514353670825
2.63923199487348
2.75906584998144
2.8744501665046
2.98520069902985
3.09114417102433
3.19211854209665
3.28797326000795
3.3785694933719
3.46378034077022
3.54349101190552
