4
3.99573941985941
3.98296675570921
3.961709217029
3.93201208854236
3.89393863374722
3.84756996014626
3.79300484646444
3.73035953222162
3.65976747010868
3.58137904169457
3.49536123706998
3.40189729910996
3.30118633311348
3.19344288265138
3.07889647252632
2.95779111981836
2.83038481405784
2.69694896763283
2.55776783760197
2.41313792014455
2.26336731893575
2.10877508877728
1.94969055581018
1.78645261552262
1.61940900943074
1.44891558061702
1.27533550860798
1.09903852483357
0.920400110370076
0.739800677870101
0.557624739670445
0.374260064117185
0.190096822183353
0.00552672648521635
-0.179057835171814
-0.363264669567262
-0.546702648995698
-0.728982581181268
-0.909718076003454
-1.08852640686529
-1.2650293645459
-1.43885410139615
-1.60963396375946
-1.77700931053144
-1.94062831581132
-2.10014775364923
-2.25523376295151
-2.40556259066295
-2.55082131139405
-2.69070852170812
-2.82493500733151
-2.95322438160399
-3.07531369354772
-3.19095400400178
-3.29991092834483
-3.40196514441105
-3.49691286429348
-3.58456626882314
-3.66475390361268
-3.73732103565773
-3.80212996959797
-3.85906032285277
-3.90800925896191
-3.94889167858039
-3.98164036769689
-4.00620610276805
-4.02255771258401
-4.03068209680456
-4.03058420122944
-4.02228694998904
-4.00583113496396
-3.98127526286164
-3.94869536049631
-3.90818473893399
-3.85985371727646
-3.80382930696838
-3.74025485761727
-3.66928966541913
-3.59110854538051
-3.50590136862261
-3.41387256614255
-3.31524060049173
-3.21023740691103
-3.09910780553707
-2.98210888636223
-2.85950936869422
-2.73158893691817
-2.59863755441472
-2.46095475753258
-2.31884893155204
-2.1726365706076
-2.02264152356331
-1.86919422785312
-1.71263093331077
-1.55329291801955
-1.39152569821203
-1.22767823424231
-1.06210213464096
-0.895150860243238
-0.727178930356783
-0.558541132904287
-0.389591740440883
-0.22068373390505
-0.0521680359158329
0.115607244621323
0.282297554892815
0.447562625890844
0.611067183877561
0.772481644080071
0.931482785166428
1.08775440312498
1.24098794324428
1.39088310896772
1.53714844647608
1.67950190393165
1.81767136439922
1.9513951515422
2.08042250727519
2.20451404063814
2.32344214724123
2.43699139871277
2.54495890166592
2.64715462578192
2.74340170068941
2.83353668139902
2.91740978213157
2.99488507845499
3.06584067772032
3.1301688578606
3.18777617468693
3.2385835378857
3.28252625598663
3.31955405063585
3.34963104056924
3.37273569573992
3.38886076210967
3.39801315766693
3.40021384028477
3.39549764807909
3.38391311297245
3.36552224821034
3.34040031061611
3.30863553840681
3.27032886542562
3.22559361267774
3.17455515808426
3.11735058539473
3.05412831322202
2.98504770518387
2.91027866215407
2.8300011976422
2.74440499733466
2.65368896384175
2.55806074770521
2.45773626572877
2.35293920769987
2.24390053257552
2.13085795520741
2.01405542468273
1.89374259535615
1.77017429164681
1.64360996767023
1.51431316277064
1.38255095401278
1.24859340668511
1.11271302385761
0.975184196027727
0.836282651876909
0.69628491114838
0.555467740643432
0.414107614319476
0.272480178457757
0.130859722852271
-0.0104813410460148
-0.151272994114074
-0.291248114774878
-0.430142974573268
-0.567697723256083
-0.703656862525794
-0.837769707660899
-0.969790836221367
-1.09948052308366
-1.22660516107718
-1.35093766652247
-1.47225786900119
-1.59035288471861
-1.70501747285136
-1.81605437430634
-1.92327463235078
-2.0264978946089
-2.12555269595698
-2.22027672188609
-2.31051705194039
-2.39613038287838
-2.47698323124505
-2.55295211508411
-2.62392371456187
-2.68979501131715
-2.75047340639534
-2.80587681666886
-2.85593374969118
-2.90058335697643
-2.93977546574259
-2.97347058920164
-3.00163991552595
-3.02426527566596
-3.04133909023969
-3.05286429576015
-3.05885425051129
-3.05933262042784
-3.05433324537763
-3.04389998628819
-3.02808655360078
-3.00695631757592
-2.98058210101385
-2.94904595499127
-2.91243891825235
-2.87086076092669
-2.82441971327992
-2.77323218023383
-2.71742244242188
-2.65712234457274
-2.59247097203939
-2.52361431631354
-2.45070493038465
-2.37390157482061
-2.29336885546122
-2.20927685362813
-2.12180074976377
-2.03112044141864
-1.9374201565098
-1.84088806277471
-1.74171587434239
-1.64009845633967
-1.53623342844246
-1.43032076827235
-1.32256241552558
-1.21316187770617
-1.10232383831711
-0.990253768342741
-0.877157541832832
-0.763241056373559
-0.648709859203368
-0.533768779702206
-0.41862156895137
-0.303470547028062
-0.188516258664052
-0.0739571378616005
0.0400108179776713
0.153194363894001
0.265403312703443
0.376450829387666
0.486153714143783
0.594332673739923
0.700812580864043
0.805422721195354
0.907997027969513
1.00837430385027
1.10639842996133
1.20191856197267
1.29478931317524
1.38487092451673
1.47202942160866
1.55613675875175
1.63707095006118
1.71471618780723
1.78896294811856
1.85970808422549
1.9268549074493
1.99031325616981
2.04999955302795
2.1058368506427
2.15775486614171
2.20569000482333
2.24958537328358
2.28939078235547
2.32506274021943
2.35656443605326
2.38386571459683
2.40694304201209
2.4257794634214
2.44036455250851
2.45069435356475
2.45677131636055
2.45860422421712
2.45620811564644
2.44960419991983
2.43881976691501
2.42388809158063
2.40484833334458
2.38174543077849
2.35462999181645
2.32355817980983
2.28859159568426
2.24979715644707
2.2072469702767
2.16101820840697
2.11119297400166
2.05785816819619
2.0011053534653
1.94103061445792
1.87773441642228
1.81132146132789
1.7419005417741
1.66958439275913
1.59448954136885
1.51673615443013
1.43644788416082
1.35375171183619
1.26877778948128
1.18165927958839
1.09253219285139
1.00153522390103
0.908809585020299
0.814498837814686
0.71874872280954
0.621706986945576
0.52352320894393
0.42434862251394
0.324335937380012
0.223639158108582
0.122413400722204
0.0208147070951293
-0.0810001428665535
-0.18287382124732
-0.284648644323154
-0.386166766904906
-0.487270378774766
-0.587801903152428
-0.687604197112605
-0.786520753859833
-0.884395906750189
-0.981075034932629
-1.07640477046538
-1.17023320674509
-1.26241010806863
-1.35278712012935
-1.44121798123166
-1.5275587339898
-1.61166793725911
-1.69340687803044
-1.77263978300188
-1.84923402952501
-1.9230603556076
-1.99399306863908
-2.06191025249134
-2.12669397263381
-2.18823047888928
-2.246410405446
-2.30112896773078
-2.35228615573932
-2.39978692341173
-2.44354137363521
-2.48346493845029
-2.51947855403345
-2.55150883002653
-2.57948821278235
-2.60335514209658
-2.62305420099789
-2.63853625817191
-2.64975860259939
-2.65668506999553
-2.65928616064532
-2.65753914823901
-2.65142817932235
-2.64094436298869
-2.62608585045291
-2.60685790416243
-2.58327295611612
-2.55535065507934
-2.52311790240167
-2.48660887616313
-2.4458650433953
-2.40093516014529
-2.35187525917247
-2.29874862509156
-2.24162575679928
-2.18058431704661
-2.11570906904405
-2.04709180001308
-1.97483123162358
-1.89903291728375
-1.81980912627615
-1.7372787147611
-1.65156698369625
-1.56280552374898
-1.47113204730626
-1.37669020771458
-1.27962940591019
-1.18010458462803
-1.07827601040501
-0.974309043620922
-0.868373896847341
-0.760645381801714
-0.651302645230207
-0.540528894068832
-0.428511110257875
-0.315439755609581
-0.201508467153475
-0.0869137434074502
0.0281453779540573
0.143467650541113
0.258849957283095
0.374087655520925
